ultralytics.engine.results.Masks object with attributes:

data: tensor([[[0, 0, 0,  ..., 0, 0, 0],
         [0, 0, 0,  ..., 0, 0, 0],
         [0, 0, 0,  ..., 0, 0, 0],
         ...,
         [0, 0, 0,  ..., 0, 0, 0],
         [0, 0, 0,  ..., 0, 0, 0],
         [0, 0, 0,  ..., 0, 0, 0]]], dtype=torch.uint8)
orig_shape: (480, 640)
shape: torch.Size([1, 480, 640])
xy: [array([[        449,          74],
       [        449,          77],
       [        448,          78],
       ...,
       [        531,          77],
       [        541,          77],
       [        541,          74]], shape=(596, 2), dtype=float32)]
xyn: [array([[    0.70156,     0.15417],
       [    0.70156,     0.16042],
       [        0.7,      0.1625],
       ...,
       [    0.82969,     0.16042],
       [    0.84531,     0.16042],
       [    0.84531,     0.15417]], shape=(596, 2), dtype=float32)]